0.500000; 1.000000
0.505050; 0.989899
0.510101; 0.979798
0.515152; 0.969697
0.520202; 0.959596
0.525253; 0.949495
0.530303; 0.939394
0.535354; 0.929293
0.540404; 0.919192
0.545455; 0.909091
0.550505; 0.898990
0.555556; 0.888889
0.560606; 0.878788
0.565657; 0.868687
0.570707; 0.858586
0.575758; 0.848485
0.580808; 0.838384
0.585859; 0.828283
0.590909; 0.818182
0.595960; 0.808081
0.601010; 0.797980
0.606061; 0.787879
0.611111; 0.777778
0.616162; 0.767677
0.621212; 0.757576
0.626263; 0.747475
0.631313; 0.737374
0.636364; 0.727273
0.641414; 0.717172
0.646465; 0.707071
0.651515; 0.696970
0.656566; 0.686869
0.661616; 0.676768
0.666667; 0.666667
0.671717; 0.656566
0.676768; 0.646465
0.681818; 0.636364
0.686869; 0.626263
0.691919; 0.616162
0.696970; 0.606061
0.702020; 0.595960
0.707071; 0.585859
0.712121; 0.575758
0.717172; 0.565657
0.722222; 0.555556
0.727273; 0.545455
0.732323; 0.535354
0.737374; 0.525253
0.742424; 0.515152
0.747475; 0.505051
0.752525; 0.494950
0.757576; 0.484848
0.762626; 0.474747
0.767677; 0.464646
0.772727; 0.454545
0.777778; 0.444444
0.782828; 0.434343
0.787879; 0.424242
0.792929; 0.414141
0.797980; 0.404040
0.803030; 0.393939
0.808081; 0.383838
0.813131; 0.373737
0.818182; 0.363636
0.823232; 0.353535
0.828283; 0.343434
0.833333; 0.333333
0.838384; 0.323232
0.843434; 0.313131
0.848485; 0.303030
0.853535; 0.292929
0.858586; 0.282828
0.863636; 0.272727
0.868687; 0.262626
0.873737; 0.252525
0.878788; 0.242424
0.883838; 0.232323
0.888889; 0.222222
0.893939; 0.212121
0.898990; 0.202020
0.904040; 0.191919
0.909091; 0.181818
0.914141; 0.171717
0.919192; 0.161616
0.924242; 0.151515
0.929293; 0.141414
0.934343; 0.131313
0.939394; 0.121212
0.944444; 0.111111
0.949495; 0.101010
0.954545; 0.090909
0.959596; 0.080808
0.964646; 0.070707
0.969697; 0.060606
0.974747; 0.050505
0.979798; 0.040404
0.984848; 0.030303
0.989899; 0.020202
0.994949; 0.010101
1.000000; 0.000000
